image_width: 752
image_height: 480
camera_name: narrow_stereo/right
camera_matrix:
  rows: 3
  cols: 3
  data: [461.52985,   0.     , 374.01791,
           0.     , 460.67812, 252.7483 ,
           0.     ,   0.     ,   1.     ]
distortion_model: plumb_bob
distortion_coefficients:
  rows: 1
  cols: 5
  data: [-0.284282, 0.074319, -0.000164, -0.000005, 0.000000]
rectification_matrix:
  rows: 3
  cols: 3
  data: [ 0.99994729, -0.00418493, -0.00937584,
          0.00411019,  0.99995973, -0.00797744,
          0.00940885,  0.00793849,  0.99992422]
projection_matrix:
  rows: 3
  cols: 4
  data: [440.62536,   0.     , 371.25913, -48.30251,
           0.     , 440.62536, 254.20227,   0.     ,
           0.     ,   0.     ,   1.     ,   0.     ]
