# oST version 5.0 parameters


[image]

width
752

height
480

[narrow_stereo/left]

camera matrix
462.983537 0.000000 367.273064
0.000000 462.085272 245.820949
0.000000 0.000000 1.000000

distortion
-0.279804 0.070681 0.000524 -0.000117 0.000000

rectification
0.999840 -0.001873 0.017784
0.001748 0.999974 0.007060
-0.017797 -0.007027 0.999817

projection
442.171991 0.000000 356.193657 0.000000
0.000000 442.171991 253.890656 0.000000
0.000000 0.000000 1.000000 0.000000
# oST version 5.0 parameters


[image]

width
752

height
480

[narrow_stereo/right]

camera matrix
461.626576 0.000000 374.662274
0.000000 460.741113 252.635259
0.000000 0.000000 1.000000

distortion
-0.283999 0.073604 -0.000067 0.000050 0.000000

rectification
0.999976 -0.004163 0.005607
0.004202 0.999966 -0.007032
-0.005578 0.007055 0.999960

projection
442.171991 0.000000 356.193657 -48.476310
0.000000 442.171991 253.890656 0.000000
0.000000 0.000000 1.000000 0.000000
